INFO - unimodal-nonlinear - Running command 'main'
INFO - unimodal-nonlinear - Started run with ID "6"
[3.085784673690796, 3.1838693618774414, 3.423414945602417, 3.804398775100708, 4.328383445739746, 4.993772506713867, 5.802010536193848, 6.753320217132568, 7.8459343910217285, 9.078296661376953, 10.451454162597656, 11.969271659851074, 13.624556541442871, 15.421448707580566, 17.359375, 19.438806533813477, 21.659677505493164, 24.02185821533203, 26.52600860595703, 29.171977996826172, 2.7698662281036377, 1.7899377346038818, 3.3238608837127686, 4.986843585968018, 10.102017402648926, 3.530656576156616, 8.0177001953125, 6.710150718688965, 8.105228424072266, 16.842971801757812, 12.097696304321289, 14.311439514160156, 14.768095016479492, 16.292978286743164, 17.479795455932617, 26.3552188873291, 28.441831588745117, 35.06637191772461, 49.97244644165039, 38.78779602050781, 7.154707431793213, 4.492171287536621, 27.782011032104492, 5.7436933517456055, 856.9307861328125, 1207.54443359375, 11.137059211730957, 138.5091094970703, 385.11663818359375, 35.980899810791016, 28.667457580566406, 45.25194549560547, 17.5478515625, 467.53570556640625, 98.28311920166016, 137.35765075683594, 68.42613983154297, 407.85693359375, 64.98477172851562, 77.62782287597656, 515.7734375, 66.73994445800781, 35.353553771972656, 11544.56640625, 13294.7529296875, 130.2924346923828, 291.30810546875, 4272.81201171875, 14115.431640625, 110.05104064941406, 393.636962890625, 1668.080810546875, 939.1344604492188, 7453.751953125, 175.54637145996094, 189.17550659179688, 3937.7060546875, 210.48297119140625, 191.56436157226562, 391.2666931152344, 8.3814058303833, 157863792.0, 1759.7025146484375, 5669.263671875, 1186751.75, 362.1522521972656, 230923.78125, 38106.53125, 208663.265625, 455.2976379394531, 855482.375, 2286.9765625, 3007.740966796875, 32054.828125, 34734.4453125, 27664.439453125, 124687.7734375, 7876.51318359375, 208414.3125, 1230.6055908203125, 1986134.875, 4553.2431640625, 9077.0771484375, 2044848.625, 4418.423828125, 136131.390625, 62965.94140625, 1069582.875, 8079.1572265625, 1522290.25, 287369.4375, 6795827.0, 5500897.0, 1196.144775390625, 419.3365478515625, 10240.7421875, 67741.875, 1086300.5, 273184.3125, 814404.25, 164297.109375, 4536.6396484375, 3816.431396484375, 121169544.0, 1148612096.0, 167542.3125, 12532644.0, 37701860.0, 316263712.0, 3015051008.0, 8635146.0, 4465122304.0, 526382.1875, 14920925.0, 1078302.75, 1664110.25, 185112.03125, 1043786496.0, 4147268.0, 700231.5625, 24380822.0, 3411907.5, 428973696.0, 275329.65625, 228644224.0, 13082.681640625, 16201629.0, 3763816.25, 963324416.0, 29127146.0, 3773617408.0, 58350852.0, 12343727.0, 6507156.0, 20821.435546875, 93690408.0, 3471360.75, 1217779.25, 440246.84375, 17808344.0, 4196896000.0, 329547.5, 12488.177734375, 4480.666015625, 1872560896.0, 3436786176.0, 1118193.25, 15348008960.0, 298149.28125, 27909308.0, 3537098240.0, 282403.53125, 18466970.0, 140580512.0, 1654362752.0, 28128558.0, 1092758.125, 1256762.75, 8140541.0, 25110782.0, 21704262.0, 86355096.0, 14413.8095703125, 288492.3125, 260860526592.0, 2277.195556640625, 3278331648.0, 13974296.0, 874940032.0, 30183370752.0, 242529456.0, 4272.857421875, 207880224.0, 391960480.0, 17330524.0, 202913744.0, 948461056.0, 1168704128.0, 630909501440.0, 304376896.0]
[[3.08578467e+00 3.18386936e+00 3.42341495e+00 ... 1.16870413e+09
  6.30909501e+11 3.04376896e+08]
 [3.08578467e+00 3.18386936e+00 3.42341495e+00 ... 1.16870413e+09
  6.30909501e+11 3.04376896e+08]
 [3.08578467e+00 3.18386936e+00 3.42341495e+00 ... 1.16870413e+09
  6.30909501e+11 3.04376896e+08]
 ...
 [3.08578467e+00 3.18386936e+00 3.42341495e+00 ... 1.16870413e+09
  6.30909501e+11 3.04376896e+08]
 [3.08578467e+00 3.18386936e+00 3.42341495e+00 ... 1.16870413e+09
  6.30909501e+11 3.04376896e+08]
 [3.08578467e+00 3.18386936e+00 3.42341495e+00 ... 1.16870413e+09
  6.30909501e+11 3.04376896e+08]]
INFO - unimodal-nonlinear - Completed after 0:00:02
