INFO - unimodal-nonlinear - Running command 'main'
INFO - unimodal-nonlinear - Started run with ID "45"
[[3.12678075e+00 3.24806976e+00 3.54338908e+00 4.01168633e+00
  4.65735626e+00 5.47520065e+00 6.47178984e+00 7.63603544e+00
  8.97435570e+00 1.04836788e+01 1.21698666e+01 1.40274048e+01
  1.60563545e+01 1.82566643e+01 2.06309452e+01 2.31825333e+01
  2.59034615e+01 2.87959213e+01 3.18603573e+01 3.50986099e+01]
 [3.19035244e+00 3.14049387e+00 3.36146188e+00 3.76110673e+00
  4.78918982e+00 5.56077003e+00 1.05100031e+01 8.50912857e+00
  9.29461479e+00 1.12876425e+01 1.96650620e+01 1.39356899e+01
  1.82212906e+01 2.11002312e+01 2.50464592e+01 2.83519363e+01
  3.12232056e+01 3.07926064e+01 4.11479034e+01 3.46524086e+01]
 [3.35601759e+00 4.39028025e+00 3.35193539e+00 5.25146008e+00
  1.82113018e+01 1.01404984e+02 9.35281563e+00 1.35232944e+01
  9.55632553e+01 1.57971535e+01 1.15389725e+02 1.78173752e+01
  3.05917015e+01 2.19522915e+01 5.15777130e+01 2.59782448e+01
  3.31845360e+01 3.51265678e+01 9.88280029e+01 4.55372772e+01]
 [8.60585693e+02 1.98347424e+03 1.16704159e+01 6.13197708e+01
  7.46796417e+00 3.91224899e+01 2.78123741e+01 6.83258286e+01
  2.70580933e+03 3.81689873e+01 1.49781933e+01 3.29613495e+01
  4.17693558e+01 1.65332593e+03 7.57956421e+02 1.08673767e+03
  4.13586044e+01 5.84411659e+01 7.01281738e+01 7.62673218e+02]
 [7.85445801e+03 2.07495825e+03 5.29231358e+00 2.13290939e+01
  1.31631432e+01 1.24487640e+02 7.66395807e+00 2.55486183e+01
  3.51337158e+03 5.55528717e+01 1.08687775e+02 1.81566734e+01
  6.44714722e+02 2.35020180e+01 2.56968600e+06 2.51945068e+03
  1.14862988e+03 3.98157837e+03 4.34511948e+01 7.36665600e+07]
 [4.10341938e+05 2.09964531e+04 7.19068432e+00 1.44886036e+01
  8.10249424e+00 7.33096933e+00 2.13809766e+03 9.67616882e+01
  4.20025024e+01 1.61446309e+04 2.76033496e+03 1.28177047e+05
  1.33752624e+08 9.88298950e+01 9.03703906e+03 8.18271484e+04
  5.56265967e+03 5.92744850e+06 4.75450249e+01 1.92761350e+06]
 [2.64479766e+04 9.23931250e+05 3.45235125e+05 1.22521840e+07
  5.29972687e+01 5.90989418e+01 3.46819641e+02 9.35534960e+07
  2.00113647e+02 1.06493105e+04 7.51100480e+07 1.73108044e+01
  6.55276288e+08 2.35028688e+05 2.04743440e+07 1.47314880e+08
  3.33088864e+08 3.39035873e+10 5.02972344e+04 2.66318200e+06]
 [4.07540512e+08 1.43186888e+06 1.04360301e+09 1.56780672e+05
  1.45196188e+06 1.35078281e+05 5.15266125e+05 6.94854395e+03
  2.07322113e+02 8.69888600e+06 7.06130880e+07 1.71264844e+05
  2.57265020e+07 7.35226368e+08 3.54937446e+09 3.40415936e+08
  3.35639470e+10 6.38014600e+06 1.57859375e+05 3.19363514e+11]
 [6.60836750e+06 5.40860672e+08 1.60419200e+07 1.46616489e+13
  8.61790800e+06 9.13635500e+06 5.99128812e+05 9.87154199e+03
  6.68277031e+04 2.61563440e+07 2.28407420e+07 1.28442600e+07
  7.34354960e+07 4.41953024e+08 3.64376678e+09 2.17348096e+09
  8.62810703e+04 1.15989402e+09 4.41336730e+09 2.91862368e+08]
 [9.33287360e+07 8.59217664e+08 6.06469824e+08 1.65508752e+08
  1.60499408e+08 3.06298406e+05 4.82017520e+07 1.49426992e+04
  2.53055328e+02 4.41330320e+07 5.51954320e+07 2.04959355e+04
  3.93224570e+04 3.37091887e+11 2.57598336e+08 7.36785850e+06
  2.14200464e+08 3.56785425e+03 2.03655002e+09 1.69629568e+09]]
INFO - unimodal-nonlinear - Completed after 0:00:07
